setplaneconst(): dconst=1.000000
RESHAPE
GL Projection
1.406251, 0.000000, 0.000000, -0.000000
0.000000, 2.500001, 0.000000, -0.000000
0.000000, 0.000000, -1.002002, -0.200200
0.000000, 0.000000, -1.000000, -0.000000
My Projection
2.500000, 0.000000, 0.000000, 0.000000
0.000000, 2.500000, 0.000000, 0.000000
0.000000, 0.000000, -1.002002, -0.200200
0.000000, 0.000000, -1.000000, 0.000000
GL LOOKAT  MATRIX
1.000000  0.000000  0.000000  0.000000
0.000000  1.000000  0.000000  0.000000
0.000000  0.000000  1.000000  -5.000000
0.000000  0.000000  0.000000  1.000000
GL PROJECTION  MATRIX
2.500001  0.000000  0.000000  -0.000000
0.000000  2.500001  0.000000  -0.000000
0.000000  0.000000  -1.002002  -0.200200
0.000000  0.000000  -1.000000  -0.000000
GL MODELVIEW MATRIX
1.000000  0.000000  0.000000  0.000000
0.000000  1.000000  0.000000  0.000000
0.000000  0.000000  1.000000  -5.000000
0.000000  0.000000  0.000000  1.000000
MINMAX: -1.000000, -1.000000, -5.500000, 1.000000, 1.000000, -4.500000
rank=234881024, istrt=159, istop=561, jstrt=283, jstop=996
w=1280, h=720
start,stop=38040804762356, 38042113870873
GL LOOKAT  MATRIX
1.000000  0.000000  0.000000  0.000000
0.000000  1.000000  0.000000  0.000000
0.000000  0.000000  1.000000  -5.000000
0.000000  0.000000  0.000000  1.000000
GL PROJECTION  MATRIX
2.500001  0.000000  0.000000  -0.000000
0.000000  2.500001  0.000000  -0.000000
0.000000  0.000000  -1.002002  -0.200200
0.000000  0.000000  -1.000000  -0.000000
GL MODELVIEW MATRIX
1.000000  0.000000  0.000000  0.000000
0.000000  1.000000  0.000000  0.000000
0.000000  0.000000  1.000000  -5.000000
0.000000  0.000000  0.000000  1.000000
MINMAX: -1.000000, -1.000000, -5.500000, 1.000000, 1.000000, -4.500000
rank=234881024, istrt=159, istop=561, jstrt=283, jstop=996
w=1280, h=720
start,stop=38042148841838, 38043384432665
GL LOOKAT  MATRIX
1.000000  0.000000  0.000000  0.000000
0.000000  1.000000  0.000000  0.000000
0.000000  0.000000  1.000000  -5.000000
0.000000  0.000000  0.000000  1.000000
GL PROJECTION  MATRIX
2.500001  0.000000  0.000000  -0.000000
0.000000  2.500001  0.000000  -0.000000
0.000000  0.000000  -1.002002  -0.200200
0.000000  0.000000  -1.000000  -0.000000
GL MODELVIEW MATRIX
0.999987  0.000000  -0.005189  0.000000
0.000000  1.000000  0.000000  0.000000
0.005189  0.000000  0.999987  -5.000000
0.000000  0.000000  0.000000  1.000000
MINMAX: -1.002581, -1.000000, -5.505182, 1.002581, 1.000000, -4.494818
rank=234881024, istrt=159, istop=561, jstrt=283, jstop=996
w=1280, h=720
start,stop=38044357671903, 38045635727714
GL LOOKAT  MATRIX
1.000000  0.000000  0.000000  0.000000
0.000000  1.000000  0.000000  0.000000
0.000000  0.000000  1.000000  -5.000000
0.000000  0.000000  0.000000  1.000000
GL PROJECTION  MATRIX
2.500001  0.000000  0.000000  -0.000000
0.000000  2.500001  0.000000  -0.000000
0.000000  0.000000  -1.002002  -0.200200
0.000000  0.000000  -1.000000  -0.000000
GL MODELVIEW MATRIX
0.789648  0.013885  -0.613403  0.000000
-0.031783  0.999327  -0.018293  0.000000
0.612736  0.033941  0.789558  -5.000000
0.000000  0.000000  0.000000  1.000000
MINMAX: -1.110235, -1.040257, -6.041456, 1.110235, 1.040257, -3.958544
rank=234881024, istrt=126, istop=578, jstrt=301, jstop=1015
w=1280, h=720
start,stop=38045639639402, 38046998204353
GL LOOKAT  MATRIX
1.000000  0.000000  0.000000  0.000000
0.000000  1.000000  0.000000  0.000000
0.000000  0.000000  1.000000  -5.000000
0.000000  0.000000  0.000000  1.000000
GL PROJECTION  MATRIX
2.500001  0.000000  0.000000  -0.000000
0.000000  2.500001  0.000000  -0.000000
0.000000  0.000000  -1.002002  -0.200200
0.000000  0.000000  -1.000000  -0.000000
GL MODELVIEW MATRIX
0.571471  0.043110  -0.819489  0.000000
0.208504  0.958220  0.195808  0.000000
0.793692  -0.282765  0.538606  -5.000000
0.000000  0.000000  0.000000  1.000000
MINMAX: -1.024326, -1.264628, -6.345760, 1.024326, 1.264628, -3.654240
rank=234881024, istrt=162, istop=630, jstrt=326, jstop=998
w=1280, h=720
start,stop=38047002473849, 38048376660457
GL LOOKAT  MATRIX
1.000000  0.000000  0.000000  0.000000
0.000000  1.000000  0.000000  0.000000
0.000000  0.000000  1.000000  -5.000000
0.000000  0.000000  0.000000  1.000000
GL PROJECTION  MATRIX
2.500001  0.000000  0.000000  -0.000000
0.000000  2.500001  0.000000  -0.000000
0.000000  0.000000  -1.002002  -0.200200
0.000000  0.000000  -1.000000  -0.000000
GL MODELVIEW MATRIX
0.574736  0.043942  -0.817158  0.000000
0.209964  0.957212  0.199148  0.000000
0.790945  -0.286031  0.540918  -5.000000
0.000000  0.000000  0.000000  1.000000
MINMAX: -1.027257, -1.266750, -6.347435, 1.027257, 1.266750, -3.652565
rank=234881024, istrt=162, istop=630, jstrt=325, jstop=999
w=1280, h=720
start,stop=38048380786317, 38049736001946
